Webots Project File version R2021b
perspectives: 000000ff00000000fd0000000200000001000000770000018efc0200000001fb0000001400540065007800740045006400690074006f007201000000160000018e0000004100ffffff000000030000036a0000012afc0100000001fb0000001a0043006f006e0073006f006c00650041006c006c0041006c006c01000000000000036a0000006900ffffff000002f10000018e00000001000000020000000100000008fc00000000
simulationViewPerspectives: 000000ff000000010000000200000000000002e00100000002010000000100
sceneTreePerspectives: 000000ff0000000100000002000000c0000000fc0100000002010000000200
maximizedDockId: -1
centralWidgetVisible: 1
orthographicViewHeight: 1
textFiles: -1
consoles: Console:All:All
renderingDevicePerspectives: tesla:console;1;0.556667;0;0
renderingDevicePerspectives: tesla:speedometer;1;0.835;0.746627;0.0058997
